544,544,5.0
545,545,2.0
546,546,2.0
547,547,3.0
548,548,6.0
548,552,16.06237840420901
548,565,21.77154105707724
549,549,10.0
549,574,10.488088481701515
550,550,5.0
550,569,9.746794344808963
551,551,5.0
552,548,16.06237840420901
552,552,43.0
552,554,19.672315572906
552,559,17.349351572897472
552,575,19.672315572906
553,553,3.0
554,552,19.672315572906
554,554,9.0
554,565,26.664583251946766
555,555,5.0
555,556,5.0
556,555,5.0
556,556,5.0
557,557,3.0
557,558,6.48074069840786
558,557,6.48074069840786
558,558,14.0
559,552,17.349351572897472
559,559,7.0
560,560,10.0
561,561,4.0
562,562,12.0
563,563,7.0
564,564,6.0
564,565,21.77154105707724
565,548,21.77154105707724
565,554,26.664583251946766
565,564,21.77154105707724
565,565,79.0
565,566,51.05878964487897
565,575,26.664583251946766
566,565,51.05878964487897
566,566,33.0
567,567,7.0
568,568,3.0
569,550,9.746794344808963
569,569,19.0
570,570,20.0
571,571,7.0
572,572,5.0
573,573,3.0
574,549,10.488088481701515
574,574,11.0
575,552,19.672315572906
575,565,26.664583251946766
575,575,9.0
